3.32092e-07 0.802554
3.40892e-07 0.279823
3.49742e-07 0.220227
3.58592e-07 0.243528
3.67392e-07 0.234223
3.76292e-07 0.224416
3.85092e-07 0.228873
3.93942e-07 0.253604
4.02842e-07 0.253552
4.11592e-07 0.254883
4.20392e-07 0.23377
4.29242e-07 0.218213
4.38042e-07 0.22015
4.46992e-07 0.241888
4.55742e-07 0.235627
4.64492e-07 0.225754
4.73392e-07 0.222468
4.82192e-07 0.221395
4.90892e-07 0.204159
4.99842e-07 0.210602
5.08642e-07 0.216383
5.17492e-07 0.212537
5.26342e-07 0.222742
5.35192e-07 0.227687
5.44042e-07 0.211179
5.52792e-07 0.215547
5.61642e-07 0.223038
5.70493e-07 0.21593
5.79293e-07 0.206134
5.88093e-07 0.240927
5.96893e-07 0.204039
6.05693e-07 0.220138
6.14543e-07 0.220958
6.23893e-07 0.210042
6.32443e-07 0.232465
6.41093e-07 0.224434
6.49893e-07 0.233441
6.58793e-07 0.242577
6.67593e-07 0.235359
6.76393e-07 0.241458
6.85243e-07 0.213632
6.94043e-07 0.23344
7.02843e-07 0.230036
7.11893e-07 0.235461
7.20593e-07 0.248692
7.29443e-07 0.22622
7.38293e-07 0.238998
7.47093e-07 0.269467
7.55843e-07 0.238699
7.64743e-07 0.256398
7.73543e-07 0.236432
7.82443e-07 0.247892
7.91193e-07 0.259107
